20:02:54        all      3.00      0.00      0.13      0.00      0.00     96.87
20:02:56        all     10.22      0.00      0.31      0.44      0.00     89.03
20:02:58        all      8.96      0.00      2.44      1.00      0.00     87.59
20:03:00        all      2.12      0.00      0.44      0.06      0.00     97.38
20:03:02        all      5.45      0.00      0.13      0.13      0.00     94.30
20:03:04        all      1.69      0.00      0.25      0.56      0.00     97.50
20:03:06        all      3.81      0.00      0.12      0.25      0.00     95.82
20:03:08        all      0.50      0.00      0.13      0.00      0.00     99.37
20:03:10        all      6.98      0.00      1.00      0.25      0.00     91.77
20:03:12        all      9.59      0.00      2.69      0.56      0.00     87.16
20:03:14        all      6.81      0.38      1.32      0.06      0.00     91.43
20:03:16        all      7.12      0.94      1.00      0.50      0.00     90.44
20:03:18        all      7.16      0.00      0.44      0.50      0.00     91.90
20:03:20        all      5.64      0.00      0.50      0.00      0.00     93.86
20:03:22        all      7.60      0.00      0.63      0.25      0.00     91.52
20:03:24        all      5.33      0.00      0.31      1.13      0.00     93.22
20:03:26        all      3.02      0.00      0.13      0.06      0.00     96.80
20:03:28        all      4.58      0.00      0.25      0.44      0.00     94.73
20:03:30        all      4.14      0.00      1.13      0.00      0.00     94.73
20:03:32        all      3.07      0.00      1.57      9.33      0.00     86.04
20:03:34        all      9.00      0.00      4.15      8.74      0.00     78.11
20:03:36        all      8.38      0.00      1.70      6.99      0.00     82.92
20:03:38        all      8.90      0.00      0.44      5.20      0.00     85.46
20:03:40        all     14.69      0.00      7.06      2.73      0.00     75.52
20:03:42        all      8.56      0.00      1.64      5.79      0.00     84.01
20:03:44        all     18.05      0.00      2.34      3.67      0.00     75.93
20:03:46        all     14.40      0.00      0.69      0.13      0.00     84.78
20:03:48        all     18.69      0.00      0.82      0.13      0.00     80.37
20:03:50        all     14.11      0.00      0.75      4.51      0.00     80.63
20:03:52        all     11.37      0.00      1.07      2.76      0.00     84.80
20:03:54        all     20.49      0.00      1.50      0.19      0.00     77.82
20:03:56        all     17.87      0.00      1.13      0.69      0.00     80.31
20:03:58        all     17.60      0.00      1.01      0.13      0.00     81.27
20:04:00        all     25.60      0.00      2.58      1.01      0.00     70.82
20:04:02        all     16.98      0.00      0.75      1.01      0.00     81.26
20:04:04        all     16.24      0.00      1.13      1.13      0.00     81.50
20:04:06        all     19.47      0.00      1.07      0.50      0.00     78.96
20:04:08        all     16.54      0.00      1.07      0.25      0.00     82.14
20:04:10        all     18.19      0.00      1.18      0.25      0.00     80.37
20:04:12        all     18.71      0.00      1.51      0.75      0.00     79.03
20:04:14        all     17.65      0.00      1.06      0.13      0.00     81.16
20:04:16        all     18.61      0.00      1.00      0.44      0.00     79.95
20:04:18        all     17.47      0.00      1.00      0.06      0.00     81.47
20:04:20        all     17.22      0.00      0.94      0.06      0.00     81.78
20:04:22        all     19.50      0.00      0.69      0.44      0.00     79.37
20:04:24        all     17.06      0.00      0.69      0.13      0.00     82.12
20:04:26        all     18.33      0.00      0.82      0.00      0.00     80.85
20:04:28        all     17.34      0.00      0.82      0.50      0.00     81.34
20:04:30        all     16.61      0.00      0.82      0.00      0.00     82.57
20:04:32        all     18.75      0.00      1.00      0.44      0.00     79.81
20:04:34        all     17.07      0.00      0.69      0.19      0.00     82.05
20:04:36        all     16.84      0.00      0.75      0.00      0.00     82.40
20:04:38        all     14.90      0.00      1.70      0.44      0.00     82.95
20:04:40        all     15.82      0.00      4.43      0.00      0.00     79.75
20:04:42        all     18.92      0.00      0.94      0.13      0.00     80.01
20:04:44        all     18.31      0.00      0.82      0.38      0.00     80.50
20:04:46        all     16.46      0.00      0.76      0.06      0.00     82.72
20:04:48        all     18.90      0.00      0.81      0.44      0.00     79.85
20:04:50        all     20.67      0.00      1.00      0.06      0.00     78.26
20:04:52        all     17.82      0.00      0.57      0.00      0.00     81.61
20:04:54        all     19.04      0.00      0.88      0.63      0.00     79.46
20:04:56        all     17.80      0.00      1.37      0.00      0.00     80.82
20:04:58        all     20.26      0.00      1.07      0.44      0.00     78.23
20:05:00        all     18.88      0.00      1.00      0.63      0.00     79.49
20:05:02        all     17.04      0.00      1.19      0.06      0.00     81.70
20:05:04        all     19.22      0.00      0.69      0.44      0.00     79.65
20:05:06        all     18.05      0.00      0.63      0.00      0.00     81.33
20:05:08        all     17.51      0.00      0.82      0.00      0.00     81.67
20:05:10        all     20.15      0.00      0.75      0.44      0.00     78.66
20:05:12        all     18.26      0.00      0.56      0.25      0.00     80.93
20:05:14        all     18.60      0.00      0.63      0.06      0.00     80.71
20:05:16        all     17.14      0.00      2.24      0.37      0.00     80.24
20:05:18        all      8.11      0.00      1.07      0.06      0.00     90.75
20:05:20        all     16.59      0.00      3.71      0.38      0.00     79.32
20:05:22        all     18.66      0.00      0.63      0.00      0.00     80.72
20:05:24        all     16.78      0.00      0.82      0.00      0.00     82.40
20:05:26        all     19.75      0.00      0.63      0.88      0.00     78.75
20:05:28        all     17.07      0.00      0.38      0.13      0.00     82.43
20:05:30        all     15.62      0.00      0.69      0.25      0.00     83.45
20:05:32        all     12.96      0.00      0.44      1.69      0.00     84.91
20:05:34        all     10.07      0.00      0.56      6.00      0.00     83.36
20:05:36        all     14.65      0.00      0.94     11.96      0.00     72.45
20:05:38        all      5.60      0.00      1.95     13.84      0.00     78.62
20:05:40        all     10.09      0.00      1.63      7.96      0.00     80.31
20:05:42        all     12.06      0.00      1.01      5.18      0.00     81.76
20:05:44        all     11.86      0.00      1.32      4.89      0.00     81.93
20:05:46        all     13.05      0.00      1.44      5.08      0.00     80.43
20:05:48        all     13.11      0.00      2.07      5.52      0.00     79.30
20:05:50        all     11.42      0.00      1.45      5.05      0.00     82.08
20:05:52        all     15.33      0.00      1.76      4.84      0.00     78.08
20:05:54        all     11.48      0.00      1.68      5.74      0.00     81.10
20:05:56        all      8.44      0.00      1.76      7.75      0.00     82.05
20:05:58        all     23.26      0.00      6.70     11.23      0.00     58.81
20:06:00        all     19.84      0.00      6.15      1.07      0.00     72.94
20:06:02        all     18.88      0.00      5.48      0.00      0.00     75.64
20:06:04        all     14.38      0.00      0.50      0.88      0.00     84.24
20:06:06        all     12.84      0.00      0.44      0.13      0.00     86.60
20:06:08        all     17.06      0.00      0.44      0.38      0.00     82.12
20:06:10        all     12.32      0.00      0.82      1.89      0.00     84.98
20:06:12        all     12.76      0.00      5.85      3.27      0.00     78.13
20:06:14        all     17.20      0.00      5.88      2.38      0.00     74.55
20:06:16        all     11.01      0.00      0.81      4.38      0.00     83.79
20:06:18        all     10.57      0.00      1.07      6.86      0.00     81.50
20:06:20        all      8.04      0.00      2.07     11.37      0.00     78.52
20:06:22        all     14.20      0.00      2.20      7.47      0.00     76.13
20:06:24        all     20.64      0.00      2.26      1.69      0.00     75.41
20:06:26        all     25.40      0.00      1.65      0.00      0.00     72.96
20:06:28        all     30.80      0.00      2.45      0.13      0.00     66.62
20:06:30        all     32.85      0.00      1.56      0.50      0.00     65.08
20:06:32        all     29.80      0.00      1.50      0.06      0.00     68.64
20:06:34        all     30.48      0.00      1.63      0.06      0.00     67.83
20:06:36        all     32.51      0.00      2.73      0.25      0.00     64.52
20:06:38        all     30.30      0.00      1.64      0.57      0.00     67.49
20:06:40        all     31.05      0.00      1.59      0.32      0.00     67.05
20:06:42        all     29.59      0.00      1.44      0.00      0.00     68.97
20:06:44        all     29.11      0.00      2.12      0.00      0.00     68.77
20:06:46        all     30.73      0.00      1.57      0.25      0.00     67.44
20:06:48        all     29.29      0.00      1.63      0.00      0.00     69.08
20:06:50        all     28.37      0.00      2.28      0.06      0.00     69.28
20:06:52        all     32.40      0.00      1.63      0.31      0.00     65.67
