20:02:54         1.00      0.00      1.00      0.00     32.00
20:02:56         3.50      0.00      3.50      0.00    148.00
20:02:58        39.50      0.00     39.50      0.00   1348.00
20:03:00         1.50      0.00      1.50      0.00    144.00
20:03:02         5.00      0.00      5.00      0.00    188.00
20:03:04         6.00      0.00      6.00      0.00    344.00
20:03:06         2.00      0.00      2.00      0.00     92.00
20:03:08         9.00      0.00      9.00      0.00    720.00
20:03:10         4.50      0.00      4.50      0.00    364.00
20:03:12        47.00      0.00     47.00      0.00   1204.00
20:03:14        11.50      0.50     11.00      8.00    780.00
20:03:16         4.50      3.00      1.50    164.00    196.00
20:03:18        14.50     10.00      4.50   2580.00    472.00
20:03:20         0.50      0.00      0.50      0.00      4.00
20:03:22         4.00      4.00      0.00    884.00      0.00
20:03:24         8.50      0.50      8.00    100.00   1104.00
20:03:26         1.00      0.00      1.00      0.00     20.00
20:03:28         6.00      0.00      6.00      0.00   2496.00
20:03:30         0.50      0.00      0.50      0.00     48.00
20:03:32       242.50    238.50      4.00  38176.00    420.00
20:03:34       346.50    339.00      7.50  71464.00    360.00
20:03:36       602.50    601.00      1.50  45656.00     36.00
20:03:38       507.50    506.50      1.00  27464.00     80.00
20:03:40       188.00    184.00      4.00  10088.00    184.00
20:03:42       135.00    125.50      9.50   3876.00    140.00
20:03:44       230.50     93.00    137.50  19964.00   2604.00
20:03:46       232.50    231.50      1.00  59136.00     68.00
20:03:48       307.50    306.50      1.00  77824.00      8.00
20:03:50       274.50    271.00      3.50  63708.00    148.00
20:03:52       168.50    167.50      1.00  37216.00     52.00
20:03:54        53.00     53.00      0.00  12680.00      0.00
20:03:56        16.50     13.00      3.50   2480.00    276.00
20:03:58        14.00     13.00      1.00   2596.00     24.00
20:04:00        57.50     54.00      3.50   7972.00    256.00
20:04:02        83.00     79.50      3.50   2928.00   3584.00
20:04:04        35.50     20.50     15.00   3376.00  10940.00
20:04:06        21.00     19.00      2.00   2804.00    264.00
20:04:08        15.00     14.00      1.00   2464.00     12.00
20:04:10        13.50     11.00      2.50   1824.00    208.00
20:04:12        42.00     40.00      2.00   2060.00    100.00
20:04:14        10.00      9.50      0.50   2436.00      4.00
20:04:16        14.00      9.00      5.00   2276.00    936.00
20:04:18        26.50     12.00     14.50   2788.00    288.00
20:04:20        92.00     21.00     71.00   5384.00    976.00
20:04:22        12.00      7.50      4.50   1848.00    860.00
20:04:24         8.50      4.00      4.50   1012.00    324.00
20:04:26         6.50      5.50      1.00   1412.00    168.00
20:04:28        10.50      4.00      6.50   1028.00   1896.00
20:04:30         5.00      0.50      4.50    128.00    124.00
20:04:32         5.00      0.00      5.00      0.00   1080.00
20:04:34        27.00      3.50     23.50     28.00  14952.00
20:04:36         1.00      0.00      1.00      0.00    168.00
20:04:38         6.00      0.00      6.00      0.00    992.00
20:04:40         8.50      0.00      8.50      0.00    616.00
20:04:42         6.00      3.00      3.00    200.00    932.00
20:04:44        34.00      0.50     33.50    128.00    828.00
20:04:46         2.50      1.50      1.00    260.00    168.00
20:04:48        13.00      7.50      5.50   1800.00   1156.00
20:04:50         8.50      0.00      8.50      0.00   3640.00
20:04:52         1.00      0.00      1.00      0.00    168.00
20:04:54        73.50      0.50     73.00    128.00   7284.00
20:04:56         1.00      0.00      1.00      0.00    168.00
20:04:58        10.00      6.50      3.50   1672.00    540.00
20:05:00        11.50      1.50     10.00    100.00   4456.00
20:05:02         1.00      0.00      1.00      0.00    168.00
20:05:04        14.00      0.50     13.50    128.00   5420.00
20:05:06         1.00      0.00      1.00      0.00    168.00
20:05:08         2.50      0.00      2.50      0.00     64.00
20:05:10        10.00      0.00     10.00      0.00   3980.00
20:05:12         2.00      0.00      2.00      0.00     56.00
20:05:14         8.50      0.00      8.50      0.00   2960.00
20:05:16         3.50      0.50      3.00    128.00    276.00
20:05:18         7.50      0.00      7.50      0.00     64.00
20:05:20        11.50      0.00     11.50      0.00   3408.00
20:05:22         1.00      0.00      1.00      0.00     20.00
20:05:24        12.00      0.00     12.00      0.00   4852.00
20:05:26        13.50     10.00      3.50   1980.00    176.00
20:05:28         1.00      1.00      0.00    132.00      0.00
20:05:30        97.00     21.50     75.50   5136.00   4728.00
20:05:32        58.00     53.00      5.00  10032.00    196.00
20:05:34       198.00    189.00      9.00  12076.00   3944.00
20:05:36       755.50    752.00      3.50 153412.00    212.00
20:05:38       749.50    748.50      1.00 185448.00     24.00
20:05:40       472.50    467.50      5.00 113780.00   1580.00
20:05:42       369.00    364.50      4.50  74008.00    180.00
20:05:44       439.00    424.00     15.00 103808.00  14248.00
20:05:46       443.50    443.50      0.00 104024.00      0.00
20:05:48       490.00    484.50      5.50 118616.00    180.00
20:05:50       403.00    402.50      0.50  94200.00      4.00
20:05:52       375.00    366.00      9.00  85684.00    176.00
20:05:54       490.50    488.50      2.00  97000.00    128.00
20:05:56       584.00    584.00      0.00 125452.00      0.00
20:05:58       995.00    991.50      3.50 249900.00    116.00
20:06:00        85.00     83.50      1.50  20452.00     56.00
20:06:02         5.50      5.50      0.00    372.00      0.00
20:06:04        41.50     18.00     23.50    324.00    356.00
20:06:06         4.50      4.50      0.00    144.00      0.00
20:06:08         8.50      6.00      2.50     72.00    100.00
20:06:10       106.50    104.00      2.50  14040.00     24.00
20:06:12       165.00    165.00      0.00  18820.00      0.00
20:06:14        75.00     70.00      5.00  12836.00    256.00
20:06:16       193.50    192.50      1.00  27688.00     12.00
20:06:18       481.00    481.00      0.00 104644.00      0.00
20:06:20       884.50    879.50      5.00 218920.00    152.00
20:06:22       504.00    504.00      0.00 120420.00      0.00
20:06:24        54.50     51.00      3.50   9620.00    132.00
20:06:26         6.00      6.00      0.00   1096.00      0.00
20:06:28         7.50      5.50      2.00    360.00     20.00
20:06:30         4.50      1.00      3.50      8.00    116.00
20:06:32         5.00      5.00      0.00    356.00      0.00
20:06:34        10.00      4.00      6.00    248.00     52.00
20:06:36         6.00      2.50      3.50    184.00    112.00
20:06:38         0.00      0.00      0.00      0.00      0.00
20:06:40         4.00      0.00      4.00      0.00    148.00
20:06:42         0.50      0.00      0.50      0.00     12.00
20:06:44         1.50      1.00      0.50    256.00      8.00
20:06:46         3.50      0.00      3.50      0.00    132.00
20:06:48         0.00      0.00      0.00      0.00      0.00
20:06:50         0.50      0.00      0.50      0.00      4.00
20:06:52        10.00      5.00      5.00    392.00    144.00
