20:02:54      1568284  14795412     90.42   1675712  10285128   5653540     11.19   4598524   9267920       892
20:02:56      1554008  14809688     90.50   1675712  10285168   5653540     11.19   4613576   9267956       916
20:02:58      1479656  14884040     90.96   1675724  10285120   6160260     12.19   4670756   9267268       964
20:03:00      1466256  14897440     91.04   1675724  10287480   6222052     12.31   4687864   9267432      1040
20:03:02      1464156  14899540     91.05   1675724  10287472   6222052     12.31   4690668   9267108      1124
20:03:04      1470232  14893464     91.02   1675736  10287468   6222052     12.31   4683340   9267108      1152
20:03:06      1467128  14896568     91.03   1675736  10287472   6222052     12.31   4686688   9267108      1160
20:03:08      1477124  14886572     90.97   1675736  10287472   6222052     12.31   4676684   9267108       416
20:03:10      1486048  14877648     90.92   1675748  10287576   6246480     12.36   4667592   9266020       520
20:03:12      1460492  14903204     91.07   1675752  10287580   6278380     12.42   4692584   9259184       536
20:03:14      1386236  14977460     91.53   1675752  10320784   6523072     12.91   4727516   9288728       328
20:03:16      1355904  15007792     91.71   1675752  10340512   6601040     13.06   4742640   9306432       816
20:03:18      1355900  15007796     91.71   1675764  10327440   6584812     13.03   4754492   9292976      1324
20:03:20      1350004  15013692     91.75   1675764  10327504   6594724     13.05   4761680   9292064      1448
20:03:22      1347580  15016116     91.76   1675764  10327572   6594540     13.05   4763732   9292192      1816
20:03:24      1330816  15032880     91.87   1675764  10328108   6612244     13.08   4776836   9290356      2232
20:03:26      1335136  15028560     91.84   1675772  10328108   6612244     13.08   4772532   9290356      2232
20:03:28      1333308  15030388     91.85   1675776  10328104   6620936     13.10   4773156   9292620      2232
20:03:30      1336032  15027664     91.84   1675776  10328108   6620936     13.10   4771148   9292620      2276
20:03:32      1194948  15168748     92.70   1675788  10420092   6976324     13.80   4818672   9383104      2280
20:03:34      1043664  15320032     93.62   1675816  10491372   7150648     14.15   4888192   9454580      2240
20:03:36       831160  15532536     94.92   1675968  10536760   7191548     14.23   5064940   9490132      2284
20:03:38       739896  15623800     95.48   1676100  10564124   7191548     14.23   5139248   9508152      2332
20:03:40       663416  15700280     95.95   1676112  10574296   7245484     14.34   5173748   9514368      2364
20:03:42       523424  15840272     96.80   1676112  10578284   7310988     14.47   5275128   9517300      2364
20:03:44       368104  15995592     97.75   1676128  10598544   7367276     14.58   5409800   9537320       268
20:03:46       164656  16199040     98.99   1676136  10582184   7367276     14.58   5626608   9520740       332
20:03:48       170696  16193000     98.96   1676136  10367224   7367276     14.58   5835364   9306524       324
20:03:50       173080  16190616     98.94   1676184  10169640   7367276     14.58   6056040   9084028       368
20:03:52       159728  16203968     99.02   1676232   9834040   7397288     14.64   6382132   8767484      1152
20:03:54       165424  16198272     98.99   1676232   9750956   7397288     14.64   6449428   8694800      3432
20:03:56       178312  16185384     98.91   1676232   9454708   7665620     15.17   6716448   8413212      5528
20:03:58       397188  15966508     97.57   1676240   9459516   7401420     14.64   6497660   8417880      7684
20:04:00       348100  16015596     97.87   1676376   9470228   7401420     14.64   6534384   8428752     11404
20:04:02       370416  15993280     97.74   1676884   9476876   7401420     14.64   6509484   8435368      1032
20:04:04       351276  16012420     97.85   1676896   9495228   7413232     14.67   6524288   8438988     15604
20:04:06       333080  16030616     97.96   1676900   9497848   7413232     14.67   6527324   8442100     15700
20:04:08       330920  16032776     97.98   1676900   9500664   7413232     14.67   6526756   8444912     15708
20:04:10       328952  16034744     97.99   1676908   9502524   7413232     14.67   6527628   8446516     15740
20:04:12       341144  16022552     97.92   1676952   9504956   7413232     14.67   6512668   8448824     15924
20:04:14       339232  16024464     97.93   1676952   9507660   7413232     14.67   6510764   8451512     16776
20:04:16       330572  16033124     97.98   1676964   9510052   7413232     14.67   6516588   8454044     17844
20:04:18       322832  16040864     98.03   1676964   9514196   7413232     14.67   6520336   8458228     19980
20:04:20       312280  16051416     98.09   1676964   9520784   7413232     14.67   6521624   8464744     20988
20:04:22       306756  16056940     98.13   1676972   9524736   7413232     14.67   6524040   8468076     23048
20:04:24       301236  16062460     98.16   1676972   9527480   7413232     14.67   6525532   8469432     24728
20:04:26       293164  16070532     98.21   1676972   9531380   7413232     14.67   6530676   8471752     27092
20:04:28       291636  16072060     98.22   1676980   9533212   7413232     14.67   6531888   8472528     28520
20:04:30       287460  16076236     98.24   1676984   9536880   7413232     14.67   6533604   8474424     31760
20:04:32       285356  16078340     98.26   1676996   9538612   7413232     14.67   6536356   8474828     33824
20:04:34       285084  16078612     98.26   1677024   9539100   7413232     14.67   6537124   8473648     19460
20:04:36       282712  16080984     98.27   1677024   9541120   7413232     14.67   6539688   8473808     21476
20:04:38       283076  16080620     98.27   1677032   9542676   7413232     14.67   6539968   8473916     22636
20:04:40       283292  16080404     98.27   1677032   9545004   7421352     14.68   6539580   8473856     24508
20:04:42       275856  16087840     98.31   1677032   9545424   7421352     14.68   6547352   8473372     24724
20:04:44       264396  16099300     98.38   1677048   9547568   7421352     14.68   6558972   8471872     26324
20:04:46       262208  16101488     98.40   1677048   9548836   7430312     14.70   6561756   8471000     27588
20:04:48       256996  16106700     98.43   1677052   9552348   7438420     14.72   6564544   8471824     28468
20:04:50       261568  16102128     98.40   1677052   9553792   7438420     14.72   6560620   8470712     26384
20:04:52       257488  16106208     98.43   1677052   9555772   7438420     14.72   6565648   8470652     28352
20:04:54       288068  16075628     98.24   1677056   9557500   7438420     14.72   6533852   8472360     23260
20:04:56       289560  16074136     98.23   1677056   9559780   7438420     14.72   6530488   8474772     25532
20:04:58       279148  16084548     98.29   1677068   9562872   7438420     14.72   6537952   8477772     27364
20:05:00       258488  16105208     98.42   1677072   9564684   7438420     14.72   6557944   8479440     24812
20:05:02       251712  16111984     98.46   1677076   9566524   7438420     14.72   6560256   8481344     26656
20:05:04       238832  16124864     98.54   1677076   9568188   7438420     14.72   6571660   8482680     24080
20:05:06       236916  16126780     98.55   1677076   9568468   7438420     14.72   6572024   8483312     24112
20:05:08       233972  16129724     98.57   1677084   9568836   7438420     14.72   6577320   8483684     24500
20:05:10       219672  16144024     98.66   1677084   9568844   7438420     14.72   6592392   8483684     21316
20:05:12       218708  16144988     98.66   1677084   9568460   7438420     14.72   6592820   8483696     21316
20:05:14       212216  16151480     98.70   1677104   9568244   7438420     14.72   6584380   8497800     32672
20:05:16       201492  16162204     98.77   1677104   9568376   7438420     14.72   6593156   8497928     32728
20:05:18       204760  16158936     98.75   1677104   9568384   7438420     14.72   6593580   8497928     32660
20:05:20       208640  16155056     98.72   1677108   9568392   7438420     14.72   6584272   8497940     29460
20:05:22       202880  16160816     98.76   1677116   9568396   7438420     14.72   6591752   8497940     29636
20:05:24       205420  16158276     98.74   1677116   9568404   7438420     14.72   6589424   8497940     24796
20:05:26       200192  16163504     98.78   1677120   9570384   7438420     14.72   6594544   8499836     24800
20:05:28       197416  16166280     98.79   1677120   9570512   7438420     14.72   6596680   8500052     24800
20:05:30       165588  16198108     98.99   1677120   9575560   7438420     14.72   6615512   8504996     19960
20:05:32       171612  16192084     98.95   1677124   9585356   7445524     14.73   6613500   8502188     20076
20:05:34       155292  16208404     99.05   1677124   9598072   7445524     14.73   6619716   8511852     16116
20:05:36       163864  16199832     99.00   1677124   9443044   7445524     14.73   6747164   8373168     16116
20:05:38       169840  16193856     98.96   1677132   9285252   7445524     14.73   6882428   8235644     16172
20:05:40       160196  16203500     99.02   1677132   9169480   7445524     14.73   6992660   8138404     14612
20:05:42       173224  16190472     98.94   1677140   9041604   7445524     14.73   7095032   8024256     14644
20:05:44       166048  16197648     98.99   1677144   8895168   7445524     14.73   7237460   7892268       376
20:05:46       170000  16193696     98.96   1677144   8755500   7445524     14.73   7354840   7770448       376
20:05:48       173776  16189920     98.94   1677156   8575944   7445524     14.73   7508116   7611784       408
20:05:50       167016  16196680     98.98   1677156   8442356   7445524     14.73   7634896   7495332       404
20:05:52       171192  16192504     98.95   1677156   8213356   7445524     14.73   7843604   7287052       404
20:05:54       171844  16191852     98.95   1677156   8092988   7445524     14.73   7949008   7181668       372
20:05:56       348704  16014992     97.87   1567780   7896188   7445524     14.73   8057668   6901088       372
20:05:58       173816  16189880     98.94   1379376   7929840   7445524     14.73   8334768   6801984       392
20:06:00       186932  16176764     98.86   1305460   7876036   7445524     14.73   8439324   6687664       428
20:06:02       242220  16121476     98.52   1283380   7853836   7445524     14.73   8424048   6646428       428
20:06:04       173796  16189900     98.94   1265144   7835932   7445524     14.73   8526208   6613744       188
20:06:06       167816  16195880     98.97   1211020   7781172   7445524     14.73   8631036   6516000       188
20:06:08       160096  16203600     99.02   1179716   7721280   7445524     14.73   8720360   6436780       192
20:06:10       175416  16188280     98.93   1172004   7563580   7716720     15.27   8807192   6282328       228
20:06:12       161908  16201788     99.01   1172004   7550492   7716720     15.27   8817752   6271992       236
20:06:14       170304  16193392     98.96   1172004   7325492   7716720     15.27   8987444   6076084       268
20:06:16       162844  16200852     99.00   1172012   7312680   7716720     15.27   9022876   6069160       116
20:06:18       169408  16194288     98.96   1172012   7178752   7716720     15.27   9129560   5954036       120
20:06:20       169840  16193856     98.96   1172016   6970548   7716720     15.27   9116368   5973256       136
20:06:22       172100  16191596     98.95   1170856   6837100   7716720     15.27   9211440   5867380       180
20:06:24       255064  16108632     98.44   1170832   6404364   7715184     15.27   9528224   5465780       188
20:06:26       348188  16015508     97.87   1170832   6405208   7715184     15.27   9524816   5467204       208
20:06:28       326364  16037332     98.01   1170832   6405500   7715184     15.27   9531556   5467488       208
20:06:30       323904  16039792     98.02   1170832   6405608   7715184     15.27   9539944   5467556       196
20:06:32       323532  16040164     98.02   1170832   6405692   7715184     15.27   9543188   5467636       208
20:06:34       314628  16049068     98.08   1170836   6405936   7715184     15.27   9544036   5467856       160
20:06:36       300812  16062884     98.16   1170840   6406368   7715184     15.27   9559096   5468248       168
20:06:38       298308  16065388     98.18   1170840   6406368   7715184     15.27   9562000   5468240       168
20:06:40       293388  16070308     98.21   1170840   6406372   7715184     15.27   9573216   5468244       172
20:06:42       289916  16073780     98.23   1170840   6406372   7715184     15.27   9576760   5468244       200
20:06:44       286556  16077140     98.25   1170840   6406628   7715184     15.27   9580480   5468464       192
20:06:46       275644  16088052     98.32   1170844   6406628   7715184     15.27   9588952   5468500       220
20:06:48       275272  16088424     98.32   1170844   6406628   7715184     15.27   9589252   5468500       220
20:06:50       272916  16090780     98.33   1170848   6406628   7715184     15.27   9592084   5468500       220
20:06:52       274620  16089076     98.32   1170852   6406892   7715184     15.27   9588380   5468700       220
